0,522
0,521
82,5
82,4
82,3
82,2
0,520
82,1
82,0
14,8
81,8
81,7
81,6
81,5
81,4
81,3
81,2
81,1
81,0
79,9
80,3
80,2
80,1
80,0
79,8
79,7
79,6
79,5
79,4
79,3
79,2
79,1
79,0
78,8
78,7
78,6
78,5
78,4
78,3
78,2
78,1
78,0
0,519
0,518
0,517
0,516
14,7
77,7
77,6
77,5
77,4
77,3
77,2
77,1
77,0
0,515
76,8
76,7
76,6
76,5
76,4
76,3
76,2
0,514
0,513
76,1
76,0
0,512
0,511
0,510
14,6
75,3
75,2
75,1
75,0
74,3
74,2
74,1
74,0
73,3
73,2
73,1
73,0
72,4
72,3
72,2
72,1
72,0
71,4
71,3
71,2
71,1
71,0
70,4
70,3
70,2
70,1
70,0
69,4
69,3
69,2
69,1
69,0
68,4
68,3
68,2
68,1
68,0
67,4
67,3
67,2
67,1
67,0
14,5
14,4
66,7
66,6
66,5
66,4
66,3
66,2
66,1
66,0
0,509
0,508
0,507
65,3
65,2
65,1
65,0
0,506
0,505
0,504
0,503
64,3
64,2
0,502
64,1
64,0
63,3
63,2
63,1
63,0
0,501
62,3
62,2
62,1
62,0
0,500
0,499
0,498
0,497
61,3
61,2
61,1
61,0
0,496
60,4
60,3
60,2
60,1
60,0
0,495
59,3
59,2
59,1
59,0
0,494
0,493
0,492
0,491
0,490
0,489
0,488
0,487
58,3
58,2
58,1
58,0
0,486
57,3
57,2
57,1
57,0
56,3
56,2
